  94.26   1.530   3.290   20.00   55.90
  4.990   32.23   78.83   14.40   88.10
  88.18   58.53   70.40   37.96   10.04
  80.07   73.53   40.72   12.48   73.16
  90.80   76.87   35.21   84.49   94.21
  60.48   49.64   10.60   6.860   28.88
  34.86   15.33   60.37   27.01   79.84
  56.92   92.87   75.81   46.80   60.58
  77.27   43.81   3.310   75.17   9.570
  74.98   10.79   43.88   55.00   5.070
  77.96   19.78   60.69   87.12   60.73
  76.14   26.28   42.16   42.38   14.78
  54.47   82.79   22.31   23.83   9.260
  11.17   16.16   82.31   35.71   47.52
  14.67   94.46   83.35   1.830   86.92
  47.51   41.70   88.29   72.28   14.42
  46.46   75.56   3.770   48.34   5.340
  6.850   38.38   98.36   7.950   87.41
  40.93   65.37   13.67   61.41   79.57
  13.08   55.74   8.320   17.56   21.69
  87.03   4.540   4.420   98.71   58.50
  35.57   83.91   21.84   69.89   48.23
  76.27   65.74   1.780   4.550   59.25
  40.19   34.32   57.72   82.85   30.05
  30.98   75.12   37.17   24.58   1.730
  72.48   3.720   80.23   67.50   72.69
  27.29   19.91   16.73   96.47   16.36
  13.38   81.46   9.990   49.81   9.890
 0.2100   98.19   8.540   9.160   91.19
  60.76   60.91   93.55   26.57   41.52
  35.68   30.40   86.71   49.03   19.49
  84.45   9.520   39.34   70.60   63.18
  30.38   35.01   53.77   63.30   46.18
  79.82   16.95   26.97   82.15   19.89
  2.380   89.57   14.05   28.75   29.64
  3.030   99.24   82.44   71.88   51.73
  16.06   57.82   39.41   18.81   47.35
  20.32   89.98   32.76   32.84   4.160
  48.68   72.33   5.590   30.76   16.86
  13.09   1.520   38.60   81.01   16.75
  96.97   87.25   4.490   64.55   87.12
  53.59   71.35   87.30   22.78   53.51
  56.68   89.59   70.05   17.55   21.64
  87.89   54.79   50.20   43.59   58.92
  66.44   93.42   38.79   68.37   17.22
  22.98   53.63   10.07   44.62   34.61
  86.10   18.47   71.05   20.50   11.52
  8.600   96.93   67.51   67.48  0.6400
  81.05   22.67   79.10   19.06   15.33
  80.36   36.21   65.89   6.690   24.54
  27.00   19.01   23.69   69.91   97.68
  90.24   41.94   20.73   91.08   49.49
 0.6700   28.03   65.17   35.13   13.28
  53.84   8.270   92.85   9.170   88.42
  92.02   84.13   10.56   77.58   38.71
  46.91   8.010   32.09   59.42   22.56
  35.44   9.030   28.54   57.85   72.48
  62.69   24.02   7.110   33.56   59.46
  30.08   54.48   90.64   78.79   65.90
  72.25   14.64   32.54   31.46   52.17
  8.050   19.09   7.730   52.22   75.54
  11.25   88.04   9.050   62.21   5.460
  13.10   58.41   3.720   23.64   70.91
  90.75   34.07   1.740   7.730   19.76
  46.08   94.30   51.10   38.96   39.58
  95.14   92.50   16.26   33.93   11.06
  5.920   27.15   93.51   50.93   42.70
  76.02   61.69   19.01   2.570   80.85
  98.02   61.72   27.26   49.89   59.33
  2.140   92.71   42.30   22.36   30.66
  28.48   5.400   27.63   97.15   86.42
  95.02   9.510   41.48   44.41   37.81
  36.00   91.47   3.210   61.22   17.78
  96.34   38.61   55.38   65.20   78.30
  20.40   78.09   31.61   81.13   12.82
  70.99   4.060   35.58   84.03   5.950
  67.41   21.06   98.64   20.57   90.54
  62.89   21.07  0.0100   24.47   12.06
  83.63   20.47   18.94   89.19   93.94
  54.71   6.370   47.02   30.80   98.72
  1.090   47.66   8.710   12.36   91.04
  97.79   81.88   3.600   13.96   97.84
  12.80   51.02   79.83   24.38   67.11
  53.49   32.31   12.06   62.48   26.39
  13.49   10.34   67.50   95.22   64.60
  3.070   16.71   33.54   5.490   56.64
  64.63   19.95   55.64   90.24   48.61
  94.27   53.36   18.34   86.01   11.59
  22.08   68.56   21.84  0.2200   25.25
  71.48   38.86   24.70   7.420   22.86
  80.13   85.38   50.13   46.31   48.17
  31.02   66.71   87.24   85.55   12.29
  60.88   52.70   34.31   91.19   38.19
  45.58   17.18   29.83   1.520   4.620
  39.20   11.65   17.63   27.18   31.61
  82.07   28.11   16.79   20.54   6.980
  91.12   51.56   55.47   11.77   16.22
  99.72   49.55   65.84   63.91   10.69
  92.04   99.36   86.53   21.24   67.78
  79.91   18.40   75.46   19.21   18.83
  58.16   10.76   81.94   55.96   29.63
  24.06   13.06   45.64   96.04   11.22
  38.96   60.66   36.81   97.75   56.09
  41.07   27.31   87.13  0.2400   47.65
  84.98   63.58   48.42   25.32   50.68
  63.83   87.94   26.52   12.93   15.79
  20.87   4.860   82.30   10.82   17.66
  80.79   90.86   3.220   9.240   95.87
  40.89   2.130   11.71   8.990   52.34
  32.07   64.51   85.49   57.60   58.30
  45.09   3.160   60.02   50.58   98.51
  44.44   62.38   81.01   79.83   74.66
  55.09   74.43   21.21   87.46   6.990
  93.92   33.52   85.00   95.73   41.22
  22.08   67.17   45.78   6.960   8.320
  22.25   16.72   14.80   8.540   53.99
  4.950   29.15   10.23   10.84   76.92
  20.08   25.41   83.90   8.110   27.63
  72.29   5.820   16.43   13.94   49.92
  69.85   26.37   1.790   32.84   78.86
  84.11   25.58   96.41   20.04   42.64
  41.64   60.63   44.65   21.99   79.46
  7.300   67.11   3.520   82.72   32.04
  12.66   89.76   25.29   52.02   13.96
  33.25   79.96   17.60   10.75   29.82
  86.90   54.86   89.67   69.30   72.35
  29.53   50.32   89.34   48.98   16.70
  59.74   53.85   80.32   25.77   74.42
  1.430   18.32   12.16   24.85   4.660
  22.42   12.09   85.01   69.81   67.33
  83.79   39.20   14.81   13.80   21.33
  81.07   14.60   82.30   99.24   6.170
  99.95   58.25   82.83   53.22   21.90
  26.73   31.21   68.15   18.17   72.52
  31.35   76.12   51.70   72.32   72.91
  63.34   77.82   4.050   88.89   64.96
  84.55   64.34   74.42   8.870   30.40
  27.58   11.04   37.57   27.42   69.43
  55.96   11.82   55.35   54.39   22.56
  15.66   35.57  0.2300   24.89   4.840
  96.95   63.02   99.37   1.080   16.61
  47.62   65.50   23.98   89.25   96.90
  24.66   53.72   25.63   37.65   21.65
  31.99   51.18   38.49   25.65   66.46
  31.97   34.52   51.38   16.03   94.08
  33.50   79.64   71.69   78.03   90.34
  42.34   82.87   13.52   54.07   91.08
  61.24   59.92   56.06   16.24   86.66
  90.12   38.16   53.89   49.78   9.320
  62.85   12.02   43.62   48.29   83.84
  47.80   3.900   27.45   4.460   69.11
  57.41   72.03  0.5100   89.87   55.68
  29.96   12.85   9.890   40.94   86.15
  41.30   45.63   74.05   64.61   54.21
  76.95   28.70   11.51   77.53   12.99
  77.70   33.12   18.61   4.320   71.16
  55.09   20.35   82.22   65.81   4.200
  93.85   13.92   95.43   16.43   10.43
  3.190   50.28   2.320   2.390   22.86
  51.14   90.72   13.45   50.68   10.44
  2.750   40.97   19.77   78.29   65.94
  7.310   59.61   60.26   24.50   2.850
  98.87   65.87   38.77   47.24   8.250
  29.83   94.44   48.81   76.00   40.21
  65.59   15.83   20.72   99.41   11.08
  87.38   40.00   52.65   85.06   73.10
  19.68   86.04   68.76   27.61   43.35
  26.30   63.31   46.88   24.60   9.010
  16.21   69.23   33.37   14.72   43.96
  81.90   3.710   24.10   97.88   15.15
  83.57   49.11   45.92   32.51   27.01
  21.33   74.96   33.16   9.370   86.71
  29.95   49.60   34.95   5.550   33.93
  15.37   97.02   9.770   61.66   50.01
  15.28   67.92   51.06   97.69   6.410
  80.73   89.90   86.28   30.00   4.760
  60.45   22.36   43.14   52.83   30.08
  11.35   30.80   71.47   93.34   1.180
  34.07   66.11   97.48   72.66   32.32
  39.19   1.600   24.54   59.67   81.29
  73.80   88.94   58.41   3.430   88.73
  14.57  0.2700   67.86   88.97   20.91
  99.06   77.87   72.54   11.07   76.26
  86.81   7.230   33.21   99.99   93.94
  22.23   64.43   95.59   2.910   50.30
  92.04   67.84   58.52   51.98   99.24
  22.11   11.28   4.790   17.96   64.36
  57.39   20.03   45.40   76.20   99.09
  5.320   21.21   10.62   91.56   45.11
  51.53   94.26   12.37   5.330   28.68
  55.37   50.50   68.66   50.04   46.01
  57.22   33.58   57.97   72.11   65.49
  18.97   88.45   95.47   49.76   12.46
  35.29   13.42   51.72   18.60  0.6900
  15.92   8.340   74.14   58.13   62.80
  20.31   22.68   81.18   15.93   21.18
  23.94   23.52   15.55   3.410   17.77
  82.75   95.01   35.74   22.17   26.65
  9.960   48.85   63.44   41.18   36.77
  18.84   13.88   48.98   74.62   29.20
  46.39   13.21   74.24   61.25   72.68
  28.06   61.84   18.27   4.590   37.60
  18.61   10.84   61.49   60.85   80.53
  68.67   21.25   59.17   92.88   14.85
  14.91   5.670   64.87   93.64   32.62
  72.92   97.01  0.3600   52.93   64.45
  35.35   94.08   32.65   46.37   58.80
  40.56   3.950   81.69   20.86   34.48
  12.86   52.62   88.66   29.85   82.15
  64.30   42.99   39.22   52.47   89.79
  97.59   1.620   49.26   53.15   82.92
  52.97   40.36   46.75   2.480   32.58
  34.43   28.49   21.95   5.010   86.85
  27.52   24.18   54.99   60.87   59.38
  35.11   69.77   41.86   25.27   97.02
  6.290   62.08   53.86   1.870   70.76
  63.31   68.62   29.94   11.01   45.36
  4.660   63.56   34.99   57.61   49.69
  97.72   59.83   82.62   52.75   92.09
  23.73   14.24   19.67   78.12   48.49
  63.72   23.17   27.12   12.05   77.62
  76.90   35.80   49.53   41.77   76.57
  75.44   49.84   19.58   20.66   14.76
  7.610   1.360   44.04   14.80   66.96
  9.880   24.39   25.64   62.70   13.91
  6.590   68.57   57.83   79.18   55.60
  11.43   42.82   22.47   1.130   75.00
  13.55   17.29   18.22   42.57   58.07
  93.62   68.93   36.69   19.97   4.070
  21.63   7.780   89.57   6.450   79.21
  13.39   79.86   84.47   12.84   42.54
  46.17   5.870   56.80   52.22   29.33
  51.94   43.71   80.66   27.55   36.01
  3.330   20.78   77.15   94.50   63.37
  92.24   9.520   92.71   78.34   11.22
  98.74   27.17   99.09   43.11   39.52
  42.58   17.25   69.01   46.87   22.23
  12.53   64.50   73.43   32.35   3.980
  45.28   88.33   48.31   85.57   33.85
  15.19   99.94   69.56   48.02   9.150
  1.170   18.16   34.87   58.94  0.0200
  64.40   9.000   21.31   24.59   37.94
  65.16   91.88   15.21   93.70   34.89
  18.67   13.27   36.28   71.07   54.40
  24.28   40.42   36.74   48.08   25.51
  48.71   28.81   30.13   93.22   26.39
  88.85   22.37   4.410   58.95   17.53
  1.610   59.51   53.49   36.77   28.32
  63.34   74.52   13.56   77.53   65.97
  97.12   6.240   46.81   39.89   73.98
  91.65   46.19   24.08   73.94   17.19
  77.59   76.99   8.970   54.93   8.110
 0.7600   93.69   86.92   7.370   14.01
  71.26  0.1200   14.32   89.69   95.28
  51.41   77.26   9.160   33.19   33.34
  12.44   20.51   27.61   62.72   11.63
  60.71   11.46   36.01   76.59   70.37
  9.840   48.03   51.29   62.07   36.12
  14.72   17.40   61.78   47.96   25.55
  67.24   63.74   23.32   21.82   32.96
  77.31   21.89   50.16   15.31   64.71
  48.19   73.10   7.100   20.08   99.60
  54.10   9.700   14.45   79.29   78.73
  82.01   50.05   78.57   85.12   9.740
  84.16   21.65   49.48   21.41   95.34
 0.0200   40.50   31.16   81.91   58.89
  36.61   55.83   31.21   12.48   27.83
  41.45   30.42   81.79   54.56   2.510
  78.90   11.49   52.65   97.18   92.22
  66.90   23.61   23.52   3.420   58.01
  68.05   61.00   1.290   92.81   72.57
  87.83   14.49   16.20   41.30   26.24
  20.39   38.36   71.45   42.47   79.39
  13.53   10.73   1.550   80.00   16.91
  11.10   79.46   61.83   81.97   63.10
  2.730   51.46   12.79   69.34   42.61
  22.06   18.76   47.20   27.59   94.77
 0.5100   38.16   20.93   53.46   50.74
  28.12   81.13   35.90   40.46   85.40
  35.07   37.69   62.11   38.69   84.16
  95.11   71.68   52.25   80.47   78.40
  35.21   10.79   81.85   1.630   3.330
  68.88   72.30   36.29   76.43   75.77
  23.75  0.8700   7.420   9.770   70.90
  96.39   3.990   15.96   96.00   1.210
  32.41   76.89   38.29   50.73   35.15
  66.88   76.43   83.63   71.40   89.85
  99.34   67.64   17.91   61.31   57.60
  64.76   86.77   3.740   80.79   37.86
  13.28   71.19   3.060   43.41   94.28
  64.22   3.360   93.81   78.84   54.63
  14.96   56.58   78.13   57.78   55.36
  35.93   30.04   5.400   48.49   39.77
  6.480   8.040   39.75   27.24   1.980
  30.84   72.09   61.72   13.11   70.56
  93.63   68.16   50.09   26.35   19.92
  96.99   11.54   73.46   2.590   77.97
  12.80   49.65   88.38   91.86   50.31
  64.13   30.23   35.15   16.93   2.960
  80.72   62.82   43.03   88.62   58.10
  1.890   10.72   25.91   67.88   30.47
  68.61   15.68   4.880   50.59   10.54
  2.450   18.40   89.75   57.70   14.07
  50.42   67.99   28.57   58.34   65.87
  89.56   21.25   90.67   64.38   54.24
  9.790   18.20   74.11   27.59   3.740
  19.10   84.58   29.56   22.38   75.82
  7.210   85.67   84.06   56.22   53.55
  3.760   14.99   73.24   30.92   53.79
  31.43   48.84   91.63   58.38   98.09
  56.08   31.22   41.49   38.82   5.090
  80.96   24.28   25.61   76.69   80.30
  52.82   7.380   78.22   99.45   20.88
  20.01   23.78   22.63   51.20   33.06
  87.27   51.72   20.77   89.41   71.84
  88.07   58.53   32.08   47.26   55.51
  75.23   13.66   16.77   75.55   19.33
  88.08   65.72   52.32   5.690   15.34
  96.52   66.70   45.32   84.76   83.85
  4.210   74.10   10.46   91.10   83.43
  79.21   6.500   96.20   49.60   17.24
 0.4500   74.11   90.37   5.150   52.72
  6.760   80.72   64.65   83.46   9.290
  93.90   83.24   71.56   86.46   23.95
  30.91   22.10   4.120   3.450   13.23
  76.98   13.98   20.33   70.07   72.00
  99.13   16.73   59.82   19.37   4.360
  52.60   98.64   5.330   24.08   87.25
  68.05   68.36   11.60   46.92   49.81
  82.11   56.90   79.36   43.75   19.15
  16.86   94.74   86.65   58.20   82.06
  32.30   33.18   67.04   58.42   80.08
  2.780   42.76   67.89   86.92   98.85
  89.04   82.38   1.810   76.65   65.72
  3.360   15.64   96.45   20.15   40.95
  11.86   97.87   27.66   61.39   65.62
  28.61   78.06   17.95   65.26   57.43
  3.200   66.17   50.90   27.30   23.58
  55.29   67.76   60.73   98.88   99.76
  47.31   69.68   28.14   56.16   91.87
  36.72   73.30   5.310   76.89   93.31
  24.30   45.68   11.05   4.760   30.55
  59.39   53.39   31.51   66.40   1.700
  36.70   10.14   68.79   43.62   47.46
 0.7500   38.38   26.55   16.73   57.51
  26.99   48.95   49.63   68.67   17.20
  13.84   74.09   48.81   48.83   83.49
  59.31   12.93   24.87   70.03   92.51
  85.09   23.26   99.27   51.93   14.38
  99.85   63.62   10.30   35.36   39.74
  71.30   30.16   14.56   95.55   47.78
  5.390   96.65   51.57   73.72   73.25
  74.35   59.54   7.120   11.89   34.34
  37.42   27.36   66.84   7.050   20.27
  38.67   10.72   46.17   30.68   82.66
  4.340   83.32   33.81   18.20   1.520
  67.60   36.82   98.94   1.260   13.73
  90.83   32.27   51.39   36.94   59.84
  82.96   18.15   35.32   66.02   62.76
  47.73   8.620   68.60   35.54   34.22
  70.54   78.64   44.70   97.42   67.87
  89.33   50.07   13.81   80.02   18.31
  30.88  0.2700   2.400   74.51   2.170
  22.36   90.90   40.83   29.77   64.94
  22.39   4.710   64.10   55.69   93.87
  53.57   93.44   6.850   16.62   84.14
  3.120   91.69   89.58   4.540   23.98
  76.94   88.05   44.17   42.51   24.65
  19.26   98.30   88.65   45.59   60.98
  12.27   3.030   53.36   3.980   48.04
  75.99   18.32   30.29   32.79   76.19
  81.19   22.15   28.27   46.98   8.160
  13.92   23.24   38.51   34.04   25.05
  48.18   90.15   60.86   48.50   61.85
  69.98   2.080   4.900   3.320   49.86
  15.83   11.14   61.62   19.78   93.35
  1.430   11.92   9.440   63.00   52.51
  21.29   39.06   50.44   99.57   39.53
  60.65   42.90   2.030   74.75   3.040
  79.37   74.34   80.31   8.910   16.80
  11.11   5.360   34.04   57.37   61.81
  94.00   90.66   71.54   41.40   46.80
  87.29   74.87   49.28   32.37   27.06
  77.84   97.55   94.75   74.38   78.93
  41.01   19.36   15.93   77.99   55.86
  1.450   54.49   50.30   81.09   46.94
  35.57   63.90   49.63   59.35   53.10
  68.97   15.69   26.37   99.92   48.35
  8.470   55.49   24.77   46.18   50.98
  28.46   42.47   64.69   1.560   17.87
  81.44   83.98   37.31   21.22   36.57
  33.48   28.74   70.96   57.77   69.30
  8.570   72.26   36.25   22.66   97.63
  83.98   32.38   37.08   39.82   3.020
  12.13   10.44   23.06   69.19   17.66
  85.86   2.040   75.77   95.02   44.81
  56.74   20.04   86.76   58.55   9.060
  74.63   16.36   20.61   35.79   12.71
  59.27   48.80   36.30   50.94   57.31
  22.96   10.96   49.08   64.41   88.07

SEQUENTIAL EXECUTION TIME: 22820
PARALLEL EXECUTION TIME: 22820
SPEEDUP:    1.00
NUMBER OF PROCESSORS USED: 1
